1.09081
0.96804
1.58838
0.75088
1.47238
0.70683
1.27504
1.33727
2.28593
1.39293
0.94566
1.25712
1.87412
1.33131
1.16669
1.02573
1.11942
1.21588
1.40333
1.43763
1.01285
1.13464
1.20620
1.02240
1.24763
0.73828
1.08643
1.19343
0.88948
1.08920
0.89383
1.46722
1.53247
1.58709
0.86778
1.10694
0.78624
0.91136
1.12077
0.85137
1.40195
1.03301
0.97366
1.40640
1.24312
1.55819
1.78350
1.23324
1.09707
1.02654
1.28044
0.92358
0.17379
0.93070
1.29922
1.15868
2.15548
1.74437
0.74847
0.96773
1.35324
1.20683
1.36564
0.96577
1.36813
1.23306
1.16168
1.28262
1.03498
1.13569
1.46786
0.76588
0.90637
1.00500
0.74971
1.44836
1.18512
0.95681
1.23908
1.37553
1.64273
1.06019
0.83776
1.01152
0.87358
1.24256
0.78788
0.97336
1.49227
1.65803
1.18074
1.59942
0.66386
0.86070
0.92112
0.94312
1.44975
1.71988
1.30534
0.71820
1.16325
0.95563
0.81914
0.86523
1.41878
0.96891
1.08177
0.68729
0.87471
0.64919
1.44413
0.78624
0.85779
1.21624
0.88140
1.38049
0.64488
0.57877
1.02356
1.31200
1.16036
0.99452
0.86315
1.21607
1.33695
0.89906
1.16774
1.11396
0.80448
0.80715
0.95440
1.36914
1.36275
1.20290
0.87905
1.58715
1.17048
1.07939
1.17633
0.79735
1.64504
0.82126
2.10064
1.58908
1.01599
0.94041
0.73109
0.92290
0.93569
1.01661
1.13726
1.17061
0.96713
1.23936
1.41192
0.41587
1.26444
1.44145
1.11165
1.21176
1.29285
1.26903
1.05138
1.56088
1.27307
0.98209
0.44929
0.69360
0.95905
0.55142
0.77472
0.98023
0.93776
0.95634
1.04877
0.92288
1.84889
1.12366
1.30329
1.18689
1.18181
0.83650
1.24467
1.35021
0.68462
0.85662
1.60745
0.96887
1.05949
1.49825
1.33913
0.99043
1.09091
1.17876
1.20084
1.07840
0.98325
1.03150
1.06447
0.71674
0.80230
0.91470
1.19231
1.31278
1.17496
0.85430
1.60090
1.49357
0.72839
1.75477
1.09392
1.36327
0.68165
1.07593
1.25073
0.80266
1.03602
1.39325
1.26759
1.65839
0.87475
1.18918
0.60727
1.01455
0.90080
1.06129
1.28901
1.11909
1.16866
1.79483
0.79079
1.20197
0.84992
1.32774
0.50509
1.06046
0.61142
1.10100
0.87621
1.08676
1.84653
1.67659
1.22856
0.79950
1.40817
1.28858
1.06248
1.17454
0.40085
1.03517
0.92353
1.05540
1.53436
1.12824
1.32055
1.15651
1.31890
0.74427
1.02898
1.37240
1.39224
1.30782
1.04066
1.86698
0.90274
0.98439
1.25962
1.09503
0.77801
0.81629
1.46585
0.93213
1.33355
0.95930
1.36892
1.42042
1.05928
0.77970
1.07916
1.42209
1.43464
1.08274
0.83319
1.04609
1.11590
0.61137
1.25716
1.44460
1.43600
1.08363
1.49592
1.11471
1.06888
0.84353
1.11118
1.12765
1.14755
0.85661
0.98834
1.01526
1.12123
0.96058
1.04211
1.12762
1.28945
1.25315
1.39564
1.81714
1.20227
1.11432
1.10521
0.65953
0.23519
0.53724
0.83530
1.00653
1.27008
0.90759
1.43016
0.57882
0.84999
0.62015
0.83464
1.04688
1.40805
1.51478
1.57862
1.44765
1.34509
1.14138
1.19906
0.85102
1.25383
1.10912
1.43558
0.87884
0.79889
1.28048
0.93375
1.22701
0.24064
1.47431
0.63796
1.22585
1.27583
1.71220
1.22835
1.45388
0.69963
1.67673
0.74762
1.05204
1.63562
1.44373
0.98905
1.06302
0.99137
1.41639
0.69763
1.04695
0.31735
1.04328
0.60301
0.80822
0.70216
1.43158
0.64480
0.90575
1.09300
1.15054
1.74349
0.65229
1.51669
0.58950
0.99879
1.70845
1.31149
1.71772
1.44496
1.15310
1.46927
1.12050
0.88782
1.13705
1.28700
1.26097
1.14871
1.30910
1.60441
0.62215
0.95894
0.74408
0.73050
0.49368
0.98977
1.44491
0.72846
1.47872
1.69450
0.93072
0.72188
1.78834
1.40471
1.50891
1.04543
1.36350
1.15965
0.97965
0.51243
1.13961
1.39907
1.23925
1.39544
1.04256
0.60793
0.84475
1.46682
0.85547
0.91417
1.27465
1.34819
1.39818
1.25952
1.00582
0.97633
0.48936
1.42183
1.57307
1.04655
1.04392
1.09346
0.70702
1.11281
0.96877
1.50120
1.01616
1.20862
1.38423
1.18256
0.87781
1.44898
1.12908
0.80906
1.54762
1.24352
0.69337
1.15084
1.05093
0.98068
1.13583
0.89884
0.82626
1.39104
1.12479
1.56093
0.71396
1.58349
1.33596
1.16365
1.25586
0.86310
1.09694
0.80315
0.87975
1.57376
1.04399
0.79764
1.21812
0.53026
0.96938
1.03239
1.18617
1.16363
1.28116
1.05149
0.85695
0.56497
1.10583
1.05744
0.81647
0.86566
1.21855
1.46132
0.91249
1.07122
0.93880
1.23318
0.96071
1.28902
0.99667
1.00057
1.51511
1.00197
1.34904
1.00759
1.49504
1.33188
1.47281
0.54068
1.18463
0.98898
1.66132
0.61760
0.94658
1.26686
0.99911
1.15538
1.65111
1.45526
1.33876
1.24540
1.59666
1.85177
0.48286
0.97919
0.56294
1.34898
0.87807
1.35076
1.01014
0.72651
0.69820
0.67484
1.21499
1.63841
1.08323
1.37356
1.22585
0.86182
1.00687
1.50518
0.84500
1.41247
1.34247
0.86529
1.49737
1.07563
1.07923
1.30786
0.63848
1.14642
1.12004
1.11662
1.16931
0.84550
1.12057
1.45157
0.38652
0.95394
1.50230
1.61753
1.04356
1.31720
0.99758
0.87402
1.15116
1.06190
0.83831
1.07501
1.33364
0.84943
0.90081
1.08052
1.06089
0.96068
1.24308
0.60384
1.22500
1.24647
1.11759
1.37629
1.60759
1.54831
1.63924
0.73139
1.10205
1.23559
1.20386
0.98973
1.31601
1.87148
1.19439
1.65593
1.38944
1.41802
1.55179
1.63582
1.40278
1.23663
1.88160
0.99525
1.08753
1.46851
1.33990
0.88142
1.25232
0.92353
1.39556
1.23280
1.70328
0.68827
1.14130
0.96418
1.51603
0.97614
1.17905
0.82406
1.57534
0.56845
0.91948
1.39126
1.67729
0.82277
0.91429
0.95698
1.25771
1.63416
1.41396
0.71068
0.98141
1.23073
0.98200
1.10192
1.47663
0.89199
1.78214
1.27059
1.43442
1.69529
1.30243
0.89699
1.66429
1.34406
0.72262
1.73278
0.51797
1.04891
0.70347
1.66724
1.00372
1.40445
0.92405
0.86739
1.02751
1.24386
1.41065
0.97545
1.47254
0.57187
1.21483
1.81543
1.41905
0.22403
0.71044
1.09174
0.63643
1.21592
0.88012
0.98774
1.53878
0.91253
0.79562
0.24940
0.75874
1.17438
0.24799
0.95236
1.64186
0.97828
1.20211
1.00601
0.50893
0.93709
0.86042
0.67280
1.18000
1.92985
1.24851
0.87848
0.76863
1.09272
0.97375
1.60603
0.66459
1.06964
1.20890
0.97987
0.77782
1.63399
1.05815
1.11158
0.64740
1.55402
0.91234
1.10925
1.04130
1.26188
0.94679
1.30913
1.09902
1.66768
1.62242
0.58724
1.39695
1.08212
1.28713
0.84446
1.13327
1.20973
0.64585
1.36836
1.00248
1.16824
1.64477
1.05022
1.48697
0.95158
1.44062
1.14992
1.72062
0.46349
1.53150
1.10904
1.20500
1.32428
1.18435
1.24785
1.32962
0.98034
0.57405
0.90346
1.36316
1.11610
1.53785
0.88872
1.12507
0.65860
1.68065
1.27574
1.17750
1.08425
1.52878
1.48872
0.99257
1.56663
1.01175
0.74363
1.52159
1.06006
1.08063
0.87569
1.20236
1.29706
1.13925
0.83434
1.90861
1.37740
1.68762
1.22611
1.65653
0.78542
1.39600
0.71760
1.33176
1.33982
1.15264
1.02450
0.80202
1.05343
1.05959
0.66504
1.29890
0.98318
1.25943
1.06383
0.78303
1.24882
1.90530
1.50818
1.70351
0.91711
1.51695
0.95896
1.04596
0.83893
1.36214
0.77770
0.80318
1.38059
1.28027
1.18434
0.90589
1.15768
1.33408
1.38575
0.82427
1.03038
0.81492
1.23111
1.42811
0.93941
0.98340
1.70631
1.48174
0.87595
1.45897
0.99047
0.94559
0.60908
1.18861
1.34427
1.29459
1.34025
1.27088
0.71733
1.50449
1.58281
1.19487
1.38489
1.23645
0.70443
1.40009
1.59994
1.34551
0.92812
1.94949
0.99245
1.35822
1.28525
1.14264
1.21706
0.90060
0.63781
1.09843
0.56541
0.92503
0.91414
0.85928
0.72697
1.13618
0.55117
1.09879
0.52516
1.09261
0.59984
1.13821
1.22808
1.21716
0.73621
1.01475
0.85131
1.02659
1.49546
1.47128
1.76630
1.23147
0.78539
1.08079
1.20529
1.35063
1.24823
1.29588
0.91749
1.00787
1.23061
0.95781
1.12417
0.87036
0.79980
1.27574
1.09792
1.49215
0.62379
1.18156
1.28583
1.59287
1.82639
1.32262
0.87281
1.24238
0.96391
1.38105
1.64300
0.55274
1.56528
1.04512
1.15351
0.69333
1.17099
0.99831
0.66837
1.14289
0.86880
0.58081
1.70086
1.35310
1.37878
0.77293
1.14510
0.84349
0.83651
1.27650
0.67724
0.54349
1.16445
0.73372
1.82676
1.30337
1.20820
1.09295
1.31822
1.80116
0.83352
0.97921
0.52098
1.21945
1.35689
1.02950
1.43103
1.32148
1.35972
0.68679
1.13884
1.00719
1.21786
0.93449
0.79049
1.07395
1.74244
1.65393
1.01524
1.16078
1.29965
1.69774
0.94361
1.31488
1.12248
0.72721
0.93030
1.77865
0.93455
1.27241
1.26221
1.23764
1.28166
0.97211
1.06041
0.77302
0.81928
0.87845
0.91965
0.93659
1.07698
0.79587
0.92210
0.59810
1.23652
1.18396
1.26935
1.10703
1.61549
1.27576
1.08898
1.01097
1.09096
1.24128
0.98963
1.23185
1.15460
0.92916
1.01453
1.18100
1.68421
1.38523
1.48284
0.99393
0.95249
0.75900
0.55057
1.16819
0.51908
1.54516
0.63108
1.27069
1.05485
0.82607
1.32515
1.23822
1.42615
1.17860
1.36974
1.19675
1.90882
1.35112
1.60672
1.91768
1.55088
1.16803
1.13794
0.96454